3 701 477 3 0.96 -3
3 887 477 3 0.64 -3
3 273 477 3 0.96 3
5 576 160 5 3
5 1024 96 5 4
5 960 288 5 5
7 256 258
7 128 194
7 768 152
2 497 462 16 0 0
6 -100 -100 0 20 0 0 -100 -1
6 -100 -100 0 20 0 0 -100 -1
6 -100 -100 0 20 0 0 -100 -1
6 -100 -100 0 20 0 0 -100 -1
6 -100 -100 0 20 0 0 -100 -1
6 -100 -100 0 20 0 0 -100 -1
6 -100 -100 0 20 0 0 -100 -1
6 -100 -100 0 20 0 0 -100 -1
6 -100 -100 0 20 0 0 -100 -1
6 -100 -100 0 20 0 0 -100 -1
13 -100 -100 0 4.98691 8.48 26.5 96 -1
13 -100 -100 0 4.98691 8.48 26.5 288 -1
13 -100 -100 0 4.98691 8.48 26.5 160 -1
13 -100 -100 0 -4.99884 7.84 24.5 160 -1
13 -100 -100 0 20 0 0 -100 -1
13 -100 -100 0 20 0 0 -100 -1
13 -100 -100 0 20 0 0 -100 -1
13 -100 -100 0 20 0 0 -100 -1
13 -100 -100 0 20 0 0 -100 -1
13 -100 -100 0 20 0 0 -100 -1
